216883/216883 [==============================] - 393s - loss: 0.0903 - acc: 0.9637 - precision: 0.9307 - val_loss: 0.1373 - val_acc: 0.9456 - val_precision: 0.8938
[[25940  1345     7   381]
 [  808 21222   245   859]
 [   28  2838  3595     2]
 [  486  1615     0  5638]]
[[  9.37375781e-01   4.86033318e-02   2.52954143e-04   1.37679326e-02]
 [  3.49269474e-02   9.17351085e-01   1.05904729e-02   3.71314948e-02]
 [  4.33235340e-03   4.39114962e-01   5.56243231e-01   3.09453814e-04]
 [  6.27988112e-02   2.08683292e-01   0.00000000e+00   7.28517896e-01]]
             precision    recall  f1-score   support

          W       0.95      0.94      0.94     27673
       N1-2       0.79      0.92      0.85     23134
         N3       0.93      0.56      0.70      6463
        REM       0.82      0.73      0.77      7739

avg / total       0.87      0.87      0.86     65009

[[306   9   0   2]
 [ 12 458  12   4]
 [  0  10 125   0]
 [  2  66   0 167]]
[[ 0.96529968  0.02839117  0.          0.00630915]
 [ 0.02469136  0.94238683  0.02469136  0.00823045]
 [ 0.          0.07407407  0.92592593  0.        ]
 [ 0.00851064  0.28085106  0.          0.7106383 ]]
             precision    recall  f1-score   support

          W       0.96      0.97      0.96       317
       N1-2       0.84      0.94      0.89       486
         N3       0.91      0.93      0.92       135
        REM       0.97      0.71      0.82       235

avg / total       0.91      0.90      0.90      1173

[[546   8   0   2]
 [  1 469  19   0]
 [  0   3 121   0]
 [  2  22   0 127]]
[[ 0.98201439  0.01438849  0.          0.00359712]
 [ 0.00204499  0.9591002   0.03885481  0.        ]
 [ 0.          0.02419355  0.97580645  0.        ]
 [ 0.01324503  0.14569536  0.          0.8410596 ]]
             precision    recall  f1-score   support

          W       0.99      0.98      0.99       556
       N1-2       0.93      0.96      0.95       489
         N3       0.86      0.98      0.92       124
        REM       0.98      0.84      0.91       151

avg / total       0.96      0.96      0.96      1320

[[547  75   0   5]
 [ 16 583   2   7]
 [  0  35   1   0]
 [  3  35   0  54]]
[[ 0.87240829  0.11961722  0.          0.00797448]
 [ 0.02631579  0.95888158  0.00328947  0.01151316]
 [ 0.          0.97222222  0.02777778  0.        ]
 [ 0.0326087   0.38043478  0.          0.58695652]]
             precision    recall  f1-score   support

          W       0.97      0.87      0.92       627
       N1-2       0.80      0.96      0.87       608
         N3       0.33      0.03      0.05        36
        REM       0.82      0.59      0.68        92

avg / total       0.87      0.87      0.86      1363

[[581  33   0   5]
 [ 11 440   0  16]
 [  0  44  47   0]
 [  0  15   0 188]]
[[ 0.93861066  0.05331179  0.          0.00807754]
 [ 0.0235546   0.94218415  0.          0.03426124]
 [ 0.          0.48351648  0.51648352  0.        ]
 [ 0.          0.07389163  0.          0.92610837]]
             precision    recall  f1-score   support

          W       0.98      0.94      0.96       619
       N1-2       0.83      0.94      0.88       467
         N3       1.00      0.52      0.68        91
        REM       0.90      0.93      0.91       203

avg / total       0.92      0.91      0.91      1380

[[668  12   0   1]
 [  3 428   0  15]
 [  0 196  58   0]
 [  1  37   0 133]]
[[ 0.98091043  0.01762115  0.          0.00146843]
 [ 0.00672646  0.95964126  0.          0.03363229]
 [ 0.          0.77165354  0.22834646  0.        ]
 [ 0.00584795  0.21637427  0.          0.77777778]]
             precision    recall  f1-score   support

          W       0.99      0.98      0.99       681
       N1-2       0.64      0.96      0.76       446
         N3       1.00      0.23      0.37       254
        REM       0.89      0.78      0.83       171

avg / total       0.88      0.83      0.81      1552

[[641  17   0   1]
 [ 24 471  12   0]
 [  0  64  86   0]
 [ 36  52   0  79]]
[[ 0.97268589  0.02579666  0.          0.00151745]
 [ 0.04733728  0.92899408  0.02366864  0.        ]
 [ 0.          0.42666667  0.57333333  0.        ]
 [ 0.21556886  0.31137725  0.          0.47305389]]
             precision    recall  f1-score   support

          W       0.91      0.97      0.94       659
       N1-2       0.78      0.93      0.85       507
         N3       0.88      0.57      0.69       150
        REM       0.99      0.47      0.64       167

avg / total       0.87      0.86      0.85      1483

[[741   9   0   0]
 [ 24 354   6   0]
 [  0   5   5   0]
 [  4  92   0  77]]
[[ 0.988       0.012       0.          0.        ]
 [ 0.0625      0.921875    0.015625    0.        ]
 [ 0.          0.5         0.5         0.        ]
 [ 0.02312139  0.53179191  0.          0.44508671]]
             precision    recall  f1-score   support

          W       0.96      0.99      0.98       750
       N1-2       0.77      0.92      0.84       384
         N3       0.45      0.50      0.48        10
        REM       1.00      0.45      0.62       173

avg / total       0.91      0.89      0.88      1317

[[847  13   0   0]
 [  9 138   5   1]
 [  0  58 142   0]
 [  1  19   0  83]]
[[ 0.98488372  0.01511628  0.          0.        ]
 [ 0.05882353  0.90196078  0.03267974  0.00653595]
 [ 0.          0.29        0.71        0.        ]
 [ 0.00970874  0.18446602  0.          0.80582524]]
             precision    recall  f1-score   support

          W       0.99      0.98      0.99       860
       N1-2       0.61      0.90      0.72       153
         N3       0.97      0.71      0.82       200
        REM       0.99      0.81      0.89       103

avg / total       0.94      0.92      0.92      1316

[[803  23   0  17]
 [  0 331   0 123]
 [  0   7   1   0]
 [  1   4   0   4]]
[[ 0.95255042  0.02728351  0.          0.02016607]
 [ 0.          0.72907489  0.          0.27092511]
 [ 0.          0.875       0.125       0.        ]
 [ 0.11111111  0.44444444  0.          0.44444444]]
             precision    recall  f1-score   support

          W       1.00      0.95      0.98       843
       N1-2       0.91      0.73      0.81       454
         N3       1.00      0.12      0.22         8
        REM       0.03      0.44      0.05         9

avg / total       0.96      0.87      0.91      1314

[[509  10   0  16]
 [  4 510   0  37]
 [  0  73   9   0]
 [  3  14   0 293]]
[[ 0.95140187  0.01869159  0.          0.02990654]
 [ 0.00725953  0.92558984  0.          0.06715064]
 [ 0.          0.8902439   0.1097561   0.        ]
 [ 0.00967742  0.04516129  0.          0.94516129]]
             precision    recall  f1-score   support

          W       0.99      0.95      0.97       535
       N1-2       0.84      0.93      0.88       551
         N3       1.00      0.11      0.20        82
        REM       0.85      0.95      0.89       310

avg / total       0.90      0.89      0.88      1478

[[365  43   0   1]
 [  5 396  29   1]
 [  0  10  95   0]
 [  7  43   0  96]]
[[ 0.89242054  0.10513447  0.          0.00244499]
 [ 0.01160093  0.9187935   0.06728538  0.00232019]
 [ 0.          0.0952381   0.9047619   0.        ]
 [ 0.04794521  0.29452055  0.          0.65753425]]
             precision    recall  f1-score   support

          W       0.97      0.89      0.93       409
       N1-2       0.80      0.92      0.86       431
         N3       0.77      0.90      0.83       105
        REM       0.98      0.66      0.79       146

avg / total       0.89      0.87      0.87      1091

[[325  10   0   3]
 [  7 398   4   4]
 [  0  47  85   0]
 [  5  50   0 188]]
[[ 0.96153846  0.0295858   0.          0.00887574]
 [ 0.01694915  0.96368039  0.00968523  0.00968523]
 [ 0.          0.35606061  0.64393939  0.        ]
 [ 0.02057613  0.20576132  0.          0.77366255]]
             precision    recall  f1-score   support

          W       0.96      0.96      0.96       338
       N1-2       0.79      0.96      0.87       413
         N3       0.96      0.64      0.77       132
        REM       0.96      0.77      0.86       243

avg / total       0.90      0.88      0.88      1126

[[478   5   0   2]
 [  9 462   0   8]
 [  0  99  10   0]
 [  3  11   0 113]]
[[ 0.98556701  0.01030928  0.          0.00412371]
 [ 0.01878914  0.96450939  0.          0.01670146]
 [ 0.          0.90825688  0.09174312  0.        ]
 [ 0.02362205  0.08661417  0.          0.88976378]]
             precision    recall  f1-score   support

          W       0.98      0.99      0.98       485
       N1-2       0.80      0.96      0.88       479
         N3       1.00      0.09      0.17       109
        REM       0.92      0.89      0.90       127

avg / total       0.90      0.89      0.86      1200

[[527   7   0   0]
 [ 19 343   3  15]
 [  1  90  77   1]
 [  0  32   0  67]]
[[ 0.98689139  0.01310861  0.          0.        ]
 [ 0.05        0.90263158  0.00789474  0.03947368]
 [ 0.00591716  0.53254438  0.4556213   0.00591716]
 [ 0.          0.32323232  0.          0.67676768]]
             precision    recall  f1-score   support

          W       0.96      0.99      0.98       534
       N1-2       0.73      0.90      0.81       380
         N3       0.96      0.46      0.62       169
        REM       0.81      0.68      0.74        99

avg / total       0.87      0.86      0.85      1182

[[816  12   0   5]
 [  8 472   1   9]
 [  0  35  47   0]
 [  4  38   0 160]]
[[ 0.97959184  0.01440576  0.          0.0060024 ]
 [ 0.01632653  0.96326531  0.00204082  0.01836735]
 [ 0.          0.42682927  0.57317073  0.        ]
 [ 0.01980198  0.18811881  0.          0.79207921]]
             precision    recall  f1-score   support

          W       0.99      0.98      0.98       833
       N1-2       0.85      0.96      0.90       490
         N3       0.98      0.57      0.72        82
        REM       0.92      0.79      0.85       202

avg / total       0.93      0.93      0.93      1607

/home/dimmu/anaconda3/lib/python3.5/site-packages/sklearn/metrics/classification.py:1113: UndefinedMetricWarning: Precision and F-score are ill-defined and being set to 0.0 in labels with no predicted samples.
  'precision', 'predicted', average, warn_for)
[[891  47   0   4]
 [ 53 389   0   2]
 [ 22  88   0   0]
 [ 21  27   0  33]]
[[ 0.94585987  0.04989384  0.          0.00424628]
 [ 0.11936937  0.87612613  0.          0.0045045 ]
 [ 0.2         0.8         0.          0.        ]
 [ 0.25925926  0.33333333  0.          0.40740741]]
             precision    recall  f1-score   support

          W       0.90      0.95      0.92       942
       N1-2       0.71      0.88      0.78       444
         N3       0.00      0.00      0.00       110
        REM       0.85      0.41      0.55        81

avg / total       0.78      0.83      0.80      1577

[[795  16   0   4]
 [ 36 628   0   9]
 [  0  46   1   0]
 [ 28  16   0 112]]
[[ 0.97546012  0.0196319   0.          0.00490798]
 [ 0.05349183  0.93313522  0.          0.01337296]
 [ 0.          0.9787234   0.0212766   0.        ]
 [ 0.17948718  0.1025641   0.          0.71794872]]
             precision    recall  f1-score   support

          W       0.93      0.98      0.95       815
       N1-2       0.89      0.93      0.91       673
         N3       1.00      0.02      0.04        47
        REM       0.90      0.72      0.80       156

avg / total       0.91      0.91      0.89      1691

[[982  85   0   6]
 [  3 399   0  46]
 [  0  10   0   0]
 [  1   1   0  35]]
[[ 0.91519105  0.07921715  0.          0.0055918 ]
 [ 0.00669643  0.890625    0.          0.10267857]
 [ 0.          1.          0.          0.        ]
 [ 0.02702703  0.02702703  0.          0.94594595]]
             precision    recall  f1-score   support

          W       1.00      0.92      0.95      1073
       N1-2       0.81      0.89      0.85       448
         N3       0.00      0.00      0.00        10
        REM       0.40      0.95      0.56        37

avg / total       0.92      0.90      0.91      1568

[[322   7   0   0]
 [ 14 610   1   2]
 [  0  29   1   0]
 [ 29  47   0  87]]
[[ 0.9787234   0.0212766   0.          0.        ]
 [ 0.02232855  0.97288676  0.0015949   0.00318979]
 [ 0.          0.96666667  0.03333333  0.        ]
 [ 0.17791411  0.28834356  0.          0.53374233]]
             precision    recall  f1-score   support

          W       0.88      0.98      0.93       329
       N1-2       0.88      0.97      0.92       627
         N3       0.50      0.03      0.06        30
        REM       0.98      0.53      0.69       163

avg / total       0.88      0.89      0.87      1149

[[536  10   0   2]
 [ 10 523  28  14]
 [  0   2  30   0]
 [  0   8   0 192]]
[[ 0.97810219  0.01824818  0.          0.00364964]
 [ 0.0173913   0.90956522  0.04869565  0.02434783]
 [ 0.          0.0625      0.9375      0.        ]
 [ 0.          0.04        0.          0.96      ]]
             precision    recall  f1-score   support

          W       0.98      0.98      0.98       548
       N1-2       0.96      0.91      0.94       575
         N3       0.52      0.94      0.67        32
        REM       0.92      0.96      0.94       200

avg / total       0.95      0.95      0.95      1355

[[506  11   0   2]
 [  5 592   2   2]
 [  0  66 172   0]
 [  2  36   0 138]]
[[ 0.97495183  0.02119461  0.          0.00385356]
 [ 0.00831947  0.98502496  0.00332779  0.00332779]
 [ 0.          0.27731092  0.72268908  0.        ]
 [ 0.01136364  0.20454545  0.          0.78409091]]
             precision    recall  f1-score   support

          W       0.99      0.97      0.98       519
       N1-2       0.84      0.99      0.91       601
         N3       0.99      0.72      0.83       238
        REM       0.97      0.78      0.87       176

avg / total       0.93      0.92      0.92      1534

[[419  18   0   1]
 [ 19 519   5   2]
 [  0  34  83   0]
 [  2  12   0 119]]
[[ 0.956621    0.04109589  0.          0.00228311]
 [ 0.03486239  0.95229358  0.00917431  0.00366972]
 [ 0.          0.29059829  0.70940171  0.        ]
 [ 0.01503759  0.09022556  0.          0.89473684]]
             precision    recall  f1-score   support

          W       0.95      0.96      0.95       438
       N1-2       0.89      0.95      0.92       545
         N3       0.94      0.71      0.81       117
        REM       0.98      0.89      0.93       133

avg / total       0.93      0.92      0.92      1233

[[270  37   0   9]
 [  2 565   4   3]
 [  1 105  82   0]
 [  0  45   0 145]]
[[ 0.85443038  0.11708861  0.          0.02848101]
 [ 0.00348432  0.98432056  0.00696864  0.00522648]
 [ 0.00531915  0.55851064  0.43617021  0.        ]
 [ 0.          0.23684211  0.          0.76315789]]
             precision    recall  f1-score   support

          W       0.99      0.85      0.92       316
       N1-2       0.75      0.98      0.85       574
         N3       0.95      0.44      0.60       188
        REM       0.92      0.76      0.84       190

avg / total       0.87      0.84      0.83      1268

[[573  11   0   2]
 [ 11 302   0  42]
 [  0  85  12   0]
 [  7   3   0 282]]
[[ 0.9778157   0.01877133  0.          0.00341297]
 [ 0.03098592  0.85070423  0.          0.11830986]
 [ 0.          0.87628866  0.12371134  0.        ]
 [ 0.0239726   0.01027397  0.          0.96575342]]
             precision    recall  f1-score   support

          W       0.97      0.98      0.97       586
       N1-2       0.75      0.85      0.80       355
         N3       1.00      0.12      0.22        97
        REM       0.87      0.97      0.91       292

avg / total       0.89      0.88      0.86      1330

[[318  20   0   1]
 [ 17 429   8   5]
 [  0  26 172   0]
 [  1  37   0  85]]
[[ 0.9380531   0.05899705  0.          0.00294985]
 [ 0.03703704  0.93464052  0.01742919  0.01089325]
 [ 0.          0.13131313  0.86868687  0.        ]
 [ 0.00813008  0.30081301  0.          0.69105691]]
             precision    recall  f1-score   support

          W       0.95      0.94      0.94       339
       N1-2       0.84      0.93      0.88       459
         N3       0.96      0.87      0.91       198
        REM       0.93      0.69      0.79       123

avg / total       0.90      0.90      0.90      1119

[[387   7   0   0]
 [  6 380   1   6]
 [  0  83 158   0]
 [  4  18   0 118]]
[[ 0.9822335   0.0177665   0.          0.        ]
 [ 0.01526718  0.96692112  0.00254453  0.01526718]
 [ 0.          0.34439834  0.65560166  0.        ]
 [ 0.02857143  0.12857143  0.          0.84285714]]
             precision    recall  f1-score   support

          W       0.97      0.98      0.98       394
       N1-2       0.78      0.97      0.86       393
         N3       0.99      0.66      0.79       241
        REM       0.95      0.84      0.89       140

avg / total       0.91      0.89      0.89      1168

[[435   3   0   1]
 [  7 378   6   6]
 [  1  46  68   0]
 [  0   7   0 122]]
[[ 0.99088838  0.00683371  0.          0.0022779 ]
 [ 0.01763224  0.95214106  0.01511335  0.01511335]
 [ 0.00869565  0.4         0.59130435  0.        ]
 [ 0.          0.05426357  0.          0.94573643]]
             precision    recall  f1-score   support

          W       0.98      0.99      0.99       439
       N1-2       0.87      0.95      0.91       397
         N3       0.92      0.59      0.72       115
        REM       0.95      0.95      0.95       129

avg / total       0.93      0.93      0.92      1080

[[573   7   0   4]
 [ 10 406   1  10]
 [  1  79 154   0]
 [  2  29   0 100]]
[[ 0.98116438  0.0119863   0.          0.00684932]
 [ 0.0234192   0.95081967  0.00234192  0.0234192 ]
 [ 0.0042735   0.33760684  0.65811966  0.        ]
 [ 0.01526718  0.22137405  0.          0.76335878]]
             precision    recall  f1-score   support

          W       0.98      0.98      0.98       584
       N1-2       0.78      0.95      0.86       427
         N3       0.99      0.66      0.79       234
        REM       0.88      0.76      0.82       131

avg / total       0.91      0.90      0.89      1376

[[399  19   0  16]
 [  3 567   0   3]
 [  0 123  18   0]
 [  4  34   0 169]]
[[ 0.91935484  0.0437788   0.          0.03686636]
 [ 0.0052356   0.9895288   0.          0.0052356 ]
 [ 0.          0.87234043  0.12765957  0.        ]
 [ 0.01932367  0.16425121  0.          0.81642512]]
             precision    recall  f1-score   support

          W       0.98      0.92      0.95       434
       N1-2       0.76      0.99      0.86       573
         N3       1.00      0.13      0.23       141
        REM       0.90      0.82      0.86       207

avg / total       0.88      0.85      0.82      1355

[[584  11   0   2]
 [ 16 285   1   9]
 [  0  77 167   1]
 [  6   4   0 105]]
[[ 0.97822446  0.01842546  0.          0.00335008]
 [ 0.05144695  0.91639871  0.00321543  0.02893891]
 [ 0.          0.31428571  0.68163265  0.00408163]
 [ 0.05217391  0.03478261  0.          0.91304348]]
             precision    recall  f1-score   support

          W       0.96      0.98      0.97       597
       N1-2       0.76      0.92      0.83       311
         N3       0.99      0.68      0.81       245
        REM       0.90      0.91      0.91       115

avg / total       0.91      0.90      0.90      1268

[[460  30   0   1]
 [ 11 345  10   2]
 [  0  35 112   0]
 [ 64  76   0 126]]
[[ 0.93686354  0.0610998   0.          0.00203666]
 [ 0.0298913   0.9375      0.02717391  0.00543478]
 [ 0.          0.23809524  0.76190476  0.        ]
 [ 0.2406015   0.28571429  0.          0.47368421]]
             precision    recall  f1-score   support

          W       0.86      0.94      0.90       491
       N1-2       0.71      0.94      0.81       368
         N3       0.92      0.76      0.83       147
        REM       0.98      0.47      0.64       266

avg / total       0.85      0.82      0.81      1272

[[653  10   0   3]
 [ 35 564   1  10]
 [  0  49  40   0]
 [  1   7   0 127]]
[[ 0.98048048  0.01501502  0.          0.0045045 ]
 [ 0.05737705  0.92459016  0.00163934  0.01639344]
 [ 0.          0.5505618   0.4494382   0.        ]
 [ 0.00740741  0.05185185  0.          0.94074074]]
             precision    recall  f1-score   support

          W       0.95      0.98      0.96       666
       N1-2       0.90      0.92      0.91       610
         N3       0.98      0.45      0.62        89
        REM       0.91      0.94      0.92       135

avg / total       0.92      0.92      0.92      1500

[[515   5   0   1]
 [ 23 660   0   6]
 [  0  20   0   0]
 [  4  35   0 175]]
[[ 0.98848369  0.00959693  0.          0.00191939]
 [ 0.03338171  0.95791001  0.          0.00870827]
 [ 0.          1.          0.          0.        ]
 [ 0.01869159  0.1635514   0.          0.81775701]]
             precision    recall  f1-score   support

          W       0.95      0.99      0.97       521
       N1-2       0.92      0.96      0.94       689
         N3       0.00      0.00      0.00        20
        REM       0.96      0.82      0.88       214

avg / total       0.92      0.93      0.93      1444

[[350  18   0   5]
 [  1 305   7   5]
 [  0  51 154   0]
 [  1  41   0  84]]
[[ 0.9383378   0.04825737  0.          0.01340483]
 [ 0.00314465  0.9591195   0.02201258  0.01572327]
 [ 0.          0.24878049  0.75121951  0.        ]
 [ 0.00793651  0.32539683  0.          0.66666667]]
             precision    recall  f1-score   support

          W       0.99      0.94      0.97       373
       N1-2       0.73      0.96      0.83       318
         N3       0.96      0.75      0.84       205
        REM       0.89      0.67      0.76       126

avg / total       0.89      0.87      0.87      1022

[[258  48   0  32]
 [ 48 559   0  62]
 [  0   6   0   0]
 [  8  39   0 162]]
[[ 0.76331361  0.14201183  0.          0.09467456]
 [ 0.07174888  0.83557549  0.          0.09267564]
 [ 0.          1.          0.          0.        ]
 [ 0.03827751  0.18660287  0.          0.77511962]]
             precision    recall  f1-score   support

          W       0.82      0.76      0.79       338
       N1-2       0.86      0.84      0.85       669
         N3       0.00      0.00      0.00         6
        REM       0.63      0.78      0.70       209

avg / total       0.80      0.80      0.80      1222

[[371  24   0  37]
 [  0 323   2  12]
 [  0  92 102   0]
 [  0  13   0 126]]
[[ 0.8587963   0.05555556  0.          0.08564815]
 [ 0.          0.95845697  0.00593472  0.03560831]
 [ 0.          0.4742268   0.5257732   0.        ]
 [ 0.          0.09352518  0.          0.90647482]]
             precision    recall  f1-score   support

          W       1.00      0.86      0.92       432
       N1-2       0.71      0.96      0.82       337
         N3       0.98      0.53      0.68       194
        REM       0.72      0.91      0.80       139

avg / total       0.87      0.84      0.83      1102

[[646  31   2   1]
 [ 16 347   5   3]
 [  0  85 177   0]
 [ 48  54   0  46]]
[[ 0.95        0.04558824  0.00294118  0.00147059]
 [ 0.04312668  0.93530997  0.01347709  0.00808625]
 [ 0.          0.32442748  0.67557252  0.        ]
 [ 0.32432432  0.36486486  0.          0.31081081]]
             precision    recall  f1-score   support

          W       0.91      0.95      0.93       680
       N1-2       0.67      0.94      0.78       371
         N3       0.96      0.68      0.79       262
        REM       0.92      0.31      0.46       148

avg / total       0.86      0.83      0.82      1461

[[543  19   1  14]
 [101 351  15  82]
 [  0  29  52   0]
 [ 61  23   0  63]]
[[ 0.94107452  0.03292894  0.0017331   0.02426343]
 [ 0.18397086  0.63934426  0.0273224   0.14936248]
 [ 0.          0.35802469  0.64197531  0.        ]
 [ 0.41496599  0.15646259  0.          0.42857143]]
             precision    recall  f1-score   support

          W       0.77      0.94      0.85       577
       N1-2       0.83      0.64      0.72       549
         N3       0.76      0.64      0.70        81
        REM       0.40      0.43      0.41       147

avg / total       0.75      0.75      0.74      1354

[[481  11   0   1]
 [ 39 535   5   6]
 [  0  83 127   0]
 [  8  34   0  94]]
[[ 0.97565923  0.02231237  0.          0.0020284 ]
 [ 0.06666667  0.91452991  0.00854701  0.01025641]
 [ 0.          0.3952381   0.6047619   0.        ]
 [ 0.05882353  0.25        0.          0.69117647]]
             precision    recall  f1-score   support

          W       0.91      0.98      0.94       493
       N1-2       0.81      0.91      0.86       585
         N3       0.96      0.60      0.74       210
        REM       0.93      0.69      0.79       136

avg / total       0.88      0.87      0.86      1424

[[281  24   0   3]
 [  5 603  32   0]
 [  0   2 103   0]
 [  0  55   0 205]]
[[ 0.91233766  0.07792208  0.          0.00974026]
 [ 0.0078125   0.9421875   0.05        0.        ]
 [ 0.          0.01904762  0.98095238  0.        ]
 [ 0.          0.21153846  0.          0.78846154]]
             precision    recall  f1-score   support

          W       0.98      0.91      0.95       308
       N1-2       0.88      0.94      0.91       640
         N3       0.76      0.98      0.86       105
        REM       0.99      0.79      0.88       260

avg / total       0.92      0.91      0.91      1313

[[472  15   0   0]
 [  1 499   9   0]
 [  0  19 101   0]
 [  0 105   0  72]]
[[ 0.96919918  0.03080082  0.          0.        ]
 [ 0.00196464  0.98035363  0.01768173  0.        ]
 [ 0.          0.15833333  0.84166667  0.        ]
 [ 0.          0.59322034  0.          0.40677966]]
             precision    recall  f1-score   support

          W       1.00      0.97      0.98       487
       N1-2       0.78      0.98      0.87       509
         N3       0.92      0.84      0.88       120
        REM       1.00      0.41      0.58       177

avg / total       0.91      0.88      0.87      1293

[[351  41   4  12]
 [  1 399   0  53]
 [  0 156  77   0]
 [  2  69   0 144]]
[[ 0.86029412  0.1004902   0.00980392  0.02941176]
 [ 0.00220751  0.8807947   0.          0.11699779]
 [ 0.          0.6695279   0.3304721   0.        ]
 [ 0.00930233  0.32093023  0.          0.66976744]]
             precision    recall  f1-score   support

          W       0.99      0.86      0.92       408
       N1-2       0.60      0.88      0.71       453
         N3       0.95      0.33      0.49       233
        REM       0.69      0.67      0.68       215

avg / total       0.80      0.74      0.73      1309

[[511  23   0   1]
 [  0 434   0   0]
 [  0  87   4   0]
 [  2  15   0  58]]
[[ 0.95514019  0.04299065  0.          0.00186916]
 [ 0.          1.          0.          0.        ]
 [ 0.          0.95604396  0.04395604  0.        ]
 [ 0.02666667  0.2         0.          0.77333333]]
             precision    recall  f1-score   support

          W       1.00      0.96      0.98       535
       N1-2       0.78      1.00      0.87       434
         N3       1.00      0.04      0.08        91
        REM       0.98      0.77      0.87        75

avg / total       0.91      0.89      0.86      1135

[[429  14   0  25]
 [  5 408   0 154]
 [  0  22   0   0]
 [ 30  30   0 130]]
[[ 0.91666667  0.02991453  0.          0.0534188 ]
 [ 0.00881834  0.71957672  0.          0.27160494]
 [ 0.          1.          0.          0.        ]
 [ 0.15789474  0.15789474  0.          0.68421053]]
             precision    recall  f1-score   support

          W       0.92      0.92      0.92       468
       N1-2       0.86      0.72      0.78       567
         N3       0.00      0.00      0.00        22
        REM       0.42      0.68      0.52       190

avg / total       0.80      0.78      0.78      1247

[[433  12   0   0]
 [ 65 351   0   1]
 [  2  56  44   0]
 [ 33  67   0  76]]
[[ 0.97303371  0.02696629  0.          0.        ]
 [ 0.1558753   0.84172662  0.          0.00239808]
 [ 0.01960784  0.54901961  0.43137255  0.        ]
 [ 0.1875      0.38068182  0.          0.43181818]]
             precision    recall  f1-score   support

          W       0.81      0.97      0.89       445
       N1-2       0.72      0.84      0.78       417
         N3       1.00      0.43      0.60       102
        REM       0.99      0.43      0.60       176

avg / total       0.82      0.79      0.78      1140

[[302  15   0   0]
 [  5 340   3   9]
 [  0  76 190   0]
 [ 13  22   0  75]]
[[ 0.95268139  0.04731861  0.          0.        ]
 [ 0.0140056   0.95238095  0.00840336  0.02521008]
 [ 0.          0.28571429  0.71428571  0.        ]
 [ 0.11818182  0.2         0.          0.68181818]]
             precision    recall  f1-score   support

          W       0.94      0.95      0.95       317
       N1-2       0.75      0.95      0.84       357
         N3       0.98      0.71      0.83       266
        REM       0.89      0.68      0.77       110

avg / total       0.88      0.86      0.86      1050

[[699  16   0   0]
 [ 19 174   6   0]
 [  0 111  90   0]
 [ 29  52   0  34]]
[[ 0.97762238  0.02237762  0.          0.        ]
 [ 0.09547739  0.87437186  0.03015075  0.        ]
 [ 0.          0.55223881  0.44776119  0.        ]
 [ 0.25217391  0.45217391  0.          0.29565217]]
             precision    recall  f1-score   support

          W       0.94      0.98      0.96       715
       N1-2       0.49      0.87      0.63       199
         N3       0.94      0.45      0.61       201
        REM       1.00      0.30      0.46       115

avg / total       0.87      0.81      0.80      1230

[[438   4   0   0]
 [ 30 357   0   3]
 [  0  62 148   0]
 [  0  18   0  80]]
[[ 0.99095023  0.00904977  0.          0.        ]
 [ 0.07692308  0.91538462  0.          0.00769231]
 [ 0.          0.2952381   0.7047619   0.        ]
 [ 0.          0.18367347  0.          0.81632653]]
             precision    recall  f1-score   support

          W       0.94      0.99      0.96       442
       N1-2       0.81      0.92      0.86       390
         N3       1.00      0.70      0.83       210
        REM       0.96      0.82      0.88        98

avg / total       0.91      0.90      0.90      1140

[[416 357   0 129]
 [  3 142   0  48]
 [  0 116  46   0]
 [  0   0   0  43]]
[[ 0.46119734  0.39578714  0.          0.14301552]
 [ 0.01554404  0.7357513   0.          0.24870466]
 [ 0.          0.71604938  0.28395062  0.        ]
 [ 0.          0.          0.          1.        ]]
             precision    recall  f1-score   support

          W       0.99      0.46      0.63       902
       N1-2       0.23      0.74      0.35       193
         N3       1.00      0.28      0.44       162
        REM       0.20      1.00      0.33        43

avg / total       0.85      0.50      0.56      1300

[[641  33   0   2]
 [ 36 301   0   2]
 [  0   6   1   0]
 [  3   6   0  47]]
[[ 0.94822485  0.04881657  0.          0.00295858]
 [ 0.10619469  0.8879056   0.          0.00589971]
 [ 0.          0.85714286  0.14285714  0.        ]
 [ 0.05357143  0.10714286  0.          0.83928571]]
             precision    recall  f1-score   support

          W       0.94      0.95      0.95       676
       N1-2       0.87      0.89      0.88       339
         N3       1.00      0.14      0.25         7
        REM       0.92      0.84      0.88        56

avg / total       0.92      0.92      0.92      1078


